! WISE simulation of inj corrector strengths

! Generated: 03/03/22 20:17:44

! Correction of b2, a2, b3, a3, b4, b5 per sector, driven by known field errors in MB

kcs.a12b1=-0.08207016657;
kco.a12b1=0.00000000000;
kcd.a12b1=712.79750987205;
kss.a12b1=-0.11885475983;
kqtd.a12b1=-0.00013600543;
kqtf.a12b1=-0.00008887750;
kqs.r1b1=0.00038348969;
kqs.l2b1=0.00038348969;
kcs.a12b2=-0.07919493195;
kco.a12b2=-4.72128940927;
kcd.a12b2=746.03503443272;
kss.a12b2=-0.11913142107;
kqtd.a12b2=0.00002749605;
kqtf.a12b2=0.00003388487;
kqs.a12b2=0.00019979464;
kcs.a23b1=-0.08375928023;
kco.a23b1=-5.45983684575;
kcd.a23b1=131.60571322555;
kss.a23b1=-0.08228686108;
kqs.a23b1=0.00020421855;
kcs.a23b2=-0.08619196431;
kco.a23b2=4.68988321633;
kcd.a23b2=82.55397864485;
kss.a23b2=-0.07692412852;
kqs.r2b2=-0.00107944130;
kqs.l3b2=-0.00107944130;
kcs.a34b1=-0.04849883463;
kco.a34b1=-5.07886718379;
kcd.a34b1=383.08065366720;
kss.a34b1=0.00000000000;
kqs.r3b1=0.00023865807;
kqs.l4b1=0.00023865807;
kcs.a34b2=-0.04728119042;
kco.a34b2=4.59404298243;
kcd.a34b2=412.95290049386;
kss.a34b2=-0.07919415067;
kqs.a34b2=-0.00064215570;
kcs.a45b1=-0.07765348040;
kco.a45b1=0.00000000000;
kcd.a45b1=664.70060811302;
kss.a45b1=-0.05123614632;
kqtd.a45b1=0.00019309078;
kqtf.a45b1=0.00019897156;
kqs.a45b1=0.00052903114;
kcs.a45b2=-0.08046248140;
kco.a45b2=4.47955413227;
kcd.a45b2=622.05933831614;
kss.a45b2=-0.04428398659;
kqtd.a45b2=-0.00033683027;
kqtf.a45b2=-0.00030252604;
kqs.r4b2=-0.00028676612;
kqs.l5b2=-0.00028676612;
kcs.a56b1=-0.06409250922;
kco.a56b1=4.18112582388;
kcd.a56b1=1113.80692849356;
kss.a56b1=-0.00302330396;
kqtd.a56b1=-0.00032747597;
kqtf.a56b1=-0.00026790355;
kqs.r5b1=-0.00032652408;
kqs.l6b1=-0.00032652408;
kcs.a56b2=-0.06483814259;
kco.a56b2=-4.63931833613;
kcd.a56b2=1175.18936366610;
kss.a56b2=0.00213904647;
kqtd.a56b2=0.00023925505;
kqtf.a56b2=0.00028323225;
kqs.a56b2=0.00007961529;
kcs.a67b1=-0.09652679122;
kco.a67b1=4.50834526585;
kcd.a67b1=69.89448265578;
kss.a67b1=-0.01021855636;
kqs.a67b1=-0.00022066382;
kcs.a67b2=-0.09304151567;
kco.a67b2=-5.12896289351;
kcd.a67b2=167.21935285559;
kss.a67b2=-0.00417600713;
kqs.r6b2=-0.00020556026;
kqs.l7b2=-0.00020556026;
kcs.a78b1=-0.14622577718;
kco.a78b1=0.00000000000;
kcd.a78b1=-1582.83735355991;
kss.a78b1=-0.06500729826;
kqs.r7b1=0.00025787976;
kqs.l8b1=0.00025787976;
kcs.a78b2=-0.14611712405;
kco.a78b2=0.00000000000;
kcd.a78b2=-1622.32962311210;
kss.a78b2=-0.05771032823;
kqs.a78b2=0.00070595791;
kcs.a81b1=-0.07519246046;
kco.a81b1=-5.11757608306;
kcd.a81b1=-259.90912330433;
kss.a81b1=-0.03849673741;
kqtd.a81b1=0.00015640295;
kqtf.a81b1=0.00019388385;
kqs.a81b1=0.00053747666;
kcs.a81b2=-0.07286267911;
kco.a81b2=4.76544460973;
kcd.a81b2=-205.97240116456;
kss.a81b2=-0.04178558673;
kqtd.a81b2=-0.00029491924;
kqtf.a81b2=-0.00029513186;
kqs.r8b2=0.00020879135;
kqs.l9b2=0.00000000000;

return;
